(title "Turbulent Intensity vs. Curve Length")
(labels "Curve Length" "Turbulent Intensity")

((xy/key/label "outlet")
0	4.28464
0.000138509	4.30874
0.000270422	4.37429
0.000396054	4.47136
0.000515703	4.59129
0.000629655	4.72664
0.00073818	4.87144
0.000841538	5.02108
0.000939974	5.17204
0.00103372	5.32176
0.00112301	5.46841
0.00120804	5.61075
0.00128902	5.74797
0.00136615	5.87962
0.0014396	6.00546
0.00150956	6.12541
0.00157618	6.23955
0.00163964	6.34798
0.00170007	6.45089
0.00175762	6.54849
0.00181243	6.641
0.00186464	6.72866
0.00191435	6.8117
0.0019617	6.89034
0.0020068	6.96479
0.00204974	7.03529
0.00209065	7.10201
0.0021296	7.16515
0.0021667	7.22488
0.00220203	7.28136
0.00223568	7.33476
0.00226773	7.38521
0.00229825	7.43283
0.00232732	7.47776
0.00235501	7.52011
0.00238137	7.55997
0.00240648	7.59743
0.0024304	7.63258
0.00245317	7.6655
0.00247486	7.69625
0.00249552	7.72488
0.0025152	7.75144
0.00253393	7.77597
0.00255178	7.79851
0.00256878	7.81905
0.00258496	7.83762
0.00260038	7.85421
0.00261506	7.86879
0.00262904	7.88134
0.00264236	7.8918
0.00265504	7.90011
0.00266712	7.90617
0.00267862	7.90988
0.00268958	7.91108
0.00270001	7.90959
0.00270995	7.90519
0.00271941	7.89759
0.00272843	7.88644
0.00273701	7.87129
0.00274518	7.85156
0.00275297	7.82654
0.00276039	7.79533
0.00276745	7.75674
0.00277417	7.70925
0.00278058	7.65085
0.00278668	7.57887
0.00279249	7.48967
0.00279802	7.37826
0.00280329	7.23763
0.00280831	7.05785
0.00281309	6.82458
0.00281764	6.51706
0.00282198	6.10566
0.00282611	5.55087
0.00283004	4.81057
0.00283379	3.87152
0.00283735	2.80485
0.00284075	1.77127
0.00284398	0.930194
0.00284707	0.369123
0.00285	0.167777
)
