(title "Axial Velocity vs. Curve Length")
(labels "Curve Length" "Axial Velocity")

((xy/key/label "outlet")
0	128.115
0.000138509	128.041
0.000270422	127.834
0.000396054	127.514
0.000515703	127.101
0.000629655	126.61
0.00073818	126.055
0.000841538	125.448
0.000939974	124.798
0.00103372	124.114
0.00112301	123.401
0.00120804	122.666
0.00128902	121.911
0.00136615	121.14
0.0014396	120.356
0.00150956	119.562
0.00157618	118.759
0.00163964	117.948
0.00170007	117.131
0.00175762	116.308
0.00181243	115.481
0.00186464	114.649
0.00191435	113.814
0.0019617	112.976
0.0020068	112.134
0.00204974	111.289
0.00209065	110.442
0.0021296	109.591
0.0021667	108.737
0.00220203	107.881
0.00223568	107.02
0.00226773	106.157
0.00229825	105.289
0.00232732	104.417
0.00235501	103.541
0.00238137	102.66
0.00240648	101.774
0.0024304	100.881
0.00245317	99.9825
0.00247486	99.0767
0.00249552	98.1633
0.0025152	97.2414
0.00253393	96.3104
0.00255178	95.3692
0.00256878	94.4171
0.00258496	93.4529
0.00260038	92.4755
0.00261506	91.4836
0.00262904	90.4757
0.00264236	89.4505
0.00265504	88.406
0.00266712	87.3405
0.00267862	86.2516
0.00268958	85.1371
0.00270001	83.994
0.00270995	82.8193
0.00271941	81.6093
0.00272843	80.36
0.00273701	79.0665
0.00274518	77.7232
0.00275297	76.3235
0.00276039	74.8596
0.00276745	73.3222
0.00277417	71.6999
0.00278058	69.9788
0.00278668	68.1417
0.00279249	66.1672
0.00279802	64.0278
0.00280329	61.6882
0.00280831	59.102
0.00281309	56.208
0.00281764	52.9249
0.00282198	49.1465
0.00282611	44.7428
0.00283004	39.5848
0.00283379	33.6209
0.00283735	26.9894
0.00284075	20.0272
0.00284398	13.0938
0.00284707	6.39768
0.00285	0
)
